VOLTAGE,CURRENT,GAS,WIRESPEED,OUTLIER,DEFECT
0,0,0,0,0,0
0,0,0,0,0,0
0,0,0,0,0,0
0,0,0,0,0,0
0,0,0,0,0,0
0,0,0,0,0,0
0,0,0,0,0,0
0,0,0,0,0,0
0,0,0,0,0,0
0,0,0,0,0,0
0,0,0,0,0,0
0,0,0,0,0,0
0,0,0,0,0,0
0,0,0,0,0,0
0,0,0,0,0,0
0,0,0,0,0,0
0,0,0,0,0,0
0,0,0,0,0,0
0,0,0,0,0,0
0,0,0,0,0,0
0,0,0,0,0,0
0,0,0,0,0,0
0,0,0,0,0,0
0,0,0,0,0,0
0,0,0,0,0,0
0,0,0,0,0,0
0,0,0,0,0,0
0,0,0,0,0,0
0,0,0,0,0,0
0,0,0,0,0,0
0,0,0,0,0,0
0,0,0,0,0,0
0,0,0,0,0,0
0,0,0,0,0,0
0,0,0,0,0,0
0,0,0,0,0,0
0,0,0,0,0,0
0,0,0,0,0,0
0,0,0,0,0,0
0,0,0,0,0,0
0,0,0,0,0,0
0,0,0,0,0,0
0,0,0,0,0,0
0,0,0,0,0,0
0,0,0,0,0,0
0,0,0,0,0,0
0,0,0,0,0,0
0,0,0,0,0,0
0,0,0,0,0,0
0,0,0,0,0,0
29.9,419.1,11.9,8.9,0,0
30,353.5,11.8,9,0,0
30.3,350.9,11.9,9,0,0
29.8,394.5,11.8,9.1,0,0
29.5,455.7,12.1,9,0,0
29.3,421.3,11.8,8.9,0,0
29.6,369.4,11.8,8.8,0,0
29.3,444.9,11.7,9,0,0
29.9,338.5,11.8,8.7,0,0
29.3,544.9,11.8,8.9,0,0
29.5,373.5,11.8,8.9,0,0
29.8,264.6,11.8,9,0,0
29.8,420,11.8,9.1,0,0
30.3,243,11.8,8.9,0,0
29.2,378,11.7,8.7,0,0
29.9,293.6,11.8,8.6,1,1
29,362.7,11.7,8.6,1,1
29.4,434.4,11.7,8.7,1,1
29.5,368.7,11.7,8.6,1,1
29.6,502.2,11.7,8.8,1,1
29.5,334,11.7,8.8,1,1
29.8,393.3,11.6,8.8,1,1
29.1,373.5,11.7,8.8,0,1
29.7,404.1,11.6,8.8,1,1
30.1,338.2,11.6,8.8,1,1
29.5,330.9,11.6,8.8,1,1
29.6,422.3,11.7,8.9,1,1
29.1,518.8,11.8,8.7,1,1
29.3,407.9,11.7,8.8,1,1
29.2,334,11.6,8.7,1,1
29.7,501.2,11.6,8.7,1,1
29.5,347.4,11.6,8.7,1,1
29.8,420.3,11.6,8.8,1,1
29.5,376.4,11.6,8.7,1,1
29.9,236.9,11.6,8.8,1,1
29.5,386.6,11.6,8.7,1,1
28.9,285.6,11.7,8.8,1,1
29.5,390.4,11.6,8.7,1,1
29.5,362.4,11.6,8.7,1,1
29.4,330.5,11.6,8.7,1,1
29.7,478.3,11.6,8.8,1,1
29.7,334.4,11.6,8.8,1,1
28.6,519.7,11.6,8.6,1,1
29.8,314.3,11.6,8.7,1,1
29.9,366.5,11.6,8.7,1,1
29.5,315.9,11.7,8.7,1,1
29.1,336.6,11.6,8.7,1,1
29.7,322.6,11.6,8.7,1,1
29.4,356,11.4,8.7,1,1
29.6,408.6,11.6,8.6,1,1
29.6,487.9,11.5,8.8,1,1
29.4,381.2,11.6,8.7,1,1
29.2,312.1,11.5,8.8,1,1
29.4,504.4,11.6,8.8,1,1
29.5,344.2,11.5,8.8,1,1
29.7,359.5,11.5,8.8,1,1
29.1,361.4,11.5,8.8,1,1
29.6,208.2,11.5,8.8,1,1
29,403.5,11.5,8.8,1,1
29.5,314.6,11.5,8.9,1,1
29.7,361.7,11.5,9,1,1
30.1,325.1,11.4,8.8,1,1
29.8,343,11.5,8.9,1,1
29.5,467.8,11.5,8.9,1,1
29.6,341.4,11.5,8.8,1,1
29.5,399.3,11.4,8.9,1,1
29.7,339.8,11.4,8.8,1,1
29.1,397.1,11.4,8.9,1,1
30.1,329.9,11.5,8.9,1,1
29.2,327,11.5,8.8,1,1
28.4,403.1,11.4,8.9,1,1
29.6,419.1,11.4,8.8,1,1
29.9,423.8,11.5,8.9,1,1
30.1,406,11.5,8.9,1,1
30.1,376.1,11.5,8.9,1,1
29.6,231.5,11.5,8.8,1,1
29.4,434.7,11.6,8.9,1,1
29.5,328.9,11.5,8.8,1,1
29.1,302.2,11.5,8.8,1,1
29.3,405.4,11.4,8.8,1,1
29.7,236.9,11.4,8.8,1,1
29.5,420.7,11.5,8.8,1,1
29.1,296.8,11.4,8.7,1,1
29.3,342,11.4,8.8,1,1
29.9,362.7,11.4,8.7,1,1
29.3,346.8,11.4,8.8,1,1
30.6,474.8,11.4,8.8,1,1
32.2,328,11.4,8.8,1,1
32.9,471.6,11.4,8.7,1,1
30.5,341.4,11.3,8.8,1,1
30.3,343,11.3,8.9,1,1
29.2,264.6,11.4,8.9,1,1
28.7,285,11.5,8.9,1,1
29,369.7,11.4,8.7,1,1
29.2,498.1,11.8,8.8,1,1
29.5,422.6,11.4,8.7,1,1
29.9,367.8,11.4,8.8,1,1
29.8,423.5,11.3,8.8,1,1
29.3,324.2,11.4,8.8,1,1
29.7,497.1,11.4,8.8,1,1
29.8,363.3,11.4,8.7,1,1
29.7,293.3,11.3,8.8,1,1
29.2,442.6,11.3,8.8,1,1
29.2,336.3,11.3,8.7,1,1
29.7,463,11.4,8.7,1,1
29.6,315.9,11.3,8.7,1,1
29.8,338.8,11.3,8.8,1,1
29.9,406.6,11.3,8.7,1,1
29.3,352.2,11.4,8.7,1,1
29.8,422.3,11.4,8.6,1,1
29,316.8,11.4,8.6,1,1
30,382.1,11.4,8.6,1,1
29.5,336.3,11.5,8.6,1,1
29.5,387.5,11.4,8.6,1,1
29.6,328.6,11.4,8.7,1,1
29.2,338.2,11.3,8.6,1,1
30,416.5,11.4,8.7,1,1
29.8,522.3,11.5,8.7,1,1
29.2,391.4,11.4,8.7,1,1
29.6,284,11.3,8.8,1,1
29.9,429.6,11.2,8.7,1,1
29.1,294.2,11.3,8.9,1,1
29.1,373.2,11.3,8.8,1,1
29.9,351.9,11.3,8.9,1,1
29.7,261.1,11.3,8.8,1,1
29.3,476.1,11.3,8.9,1,1
29.5,271.6,11.3,8.9,1,1
29.4,422.3,11.3,8.8,1,1
29.5,297.4,11.2,8.8,1,1
29.5,339.8,11.2,8.9,1,1
29.4,453.8,11.2,8.9,1,1
29.4,352.8,11.3,8.8,1,1
29.9,427.7,11.3,8.8,1,1
29.9,309.5,11.2,8.8,1,1
29.8,394.9,11.2,8.9,1,1
29.5,341.4,11.5,8.8,1,1
29.2,377.3,11.2,8.8,1,1
29.8,358.6,11.2,8.9,1,1
29.4,382.8,11.1,9,1,1
29.7,413.3,11.2,8.6,1,1
29.6,433.1,11.2,8.8,1,1
29.5,434.4,11.2,8.8,1,1
28.9,330.9,11.1,8.7,1,1
30.3,490.1,11.2,8.9,1,1
30,160.8,11.2,8.7,1,1
29.3,390.7,11.2,8.7,1,1
29.2,380.2,11.2,8.7,1,1
29.5,245.5,11.2,8.7,1,1
29.7,583.4,11.3,8.7,1,1
29.4,385.6,11.3,8.7,1,1
29.9,447.1,11.2,8.7,1,1
29.3,311.1,11.2,8.8,1,1
29.4,244.9,11.2,8.8,1,1
30,489.1,11.3,8.8,1,1
29.4,239.8,11.3,9,1,1
29.7,397.1,11.2,8.9,1,1
30,351.2,11.2,8.7,1,1
29.6,380.5,11.2,8.8,1,1
29.2,311.1,11.2,8.7,1,1
30.1,338.5,11.3,8.7,1,1
29,367.2,11.2,8.8,1,1
29.2,421,11.2,8.8,1,1
29.3,421,11.2,8.8,1,1
29.4,350.9,11.2,8.8,1,1
29.9,410.5,11.2,8.8,1,1
30.1,251.2,11.1,8.9,1,1
30.4,454.4,11.3,8.7,1,1
29.4,304.4,11.2,8.8,1,1
30.2,292.3,11.2,8.8,1,1
29.7,369.7,11.1,8.8,1,1
29.5,249,11.1,8.8,1,1
29.5,470.3,11.1,8.8,1,1
29.4,284.7,11.1,8.7,1,1
29.6,348.7,11.1,8.7,1,1
29.3,346.8,11.1,8.7,1,1
30.4,331.2,11.1,8.7,1,1
29.4,435.6,11.1,8.7,1,1
29.3,307.9,11.1,8.6,1,1
29.4,400.9,11.1,8.7,1,1
30.1,342,11,8.7,1,1
29.8,391.7,11,8.5,1,1
29.2,323.5,11,8.6,1,1
29.6,357.9,11.1,8.8,1,1
29.9,385.3,11.1,8.8,1,1
29.9,498.4,11.1,8.9,1,1
29,416.5,11.1,8.8,1,1
29.6,347.1,11,8.8,1,1
28.9,421,11.2,8.6,1,1
30,299.6,11.1,8.7,1,1
29.5,452.8,11.2,8.6,1,1
29.1,381.2,11.1,8.7,1,1
29.9,300.3,11.1,8.8,1,1
29.2,468.8,11.1,8.9,1,1
30,293.9,11.1,8.9,1,1
29.7,605.7,11.1,8.7,1,1
29.3,281.8,11.1,8.9,1,1
28.7,338.2,11.1,9,1,1
29.9,398.4,11,8.9,1,1
30.4,269.7,11.1,8.8,1,1
29.5,423.8,11.1,8.8,1,1
30.2,250.9,11,8.8,1,1
29.7,389.5,11,8.8,1,1
30,351.9,11.1,8.8,1,1
29.6,359.2,11,8.9,1,1
29.4,330.2,10.9,8.8,1,1
29.4,362.1,10.9,8.9,1,1
29.3,389.5,11,8.8,1,1
29.2,422.9,11.1,8.8,1,1
29.8,387.9,10.9,8.9,1,1
29.5,264,10.9,8.9,1,1
29.4,396.8,11,8.8,1,1
29.4,386.3,11,8.8,1,1
29.6,432.4,11,8.8,1,1
29.5,454.7,11,8.7,1,1
29.1,279.3,10.9,8.7,1,1
29.3,423.8,11,8.7,1,1
30.3,253.8,10.9,8.8,1,1
29.8,629.9,11,8.7,1,1
29.1,297.7,11,8.8,1,1
29.4,342,11,8.7,1,1
29.5,435,11,8.7,1,1
29.8,245.2,11,8.8,1,1
29.6,429.9,11,8.9,1,1
30,293.9,10.9,8.9,1,1
29.5,386.9,11,8.8,1,1
29.5,322.3,11,8.8,1,1
29.7,382.1,11,8.7,1,1
29.6,388.8,11,8.8,1,1
29.5,393.9,10.9,8.8,1,1
29.1,445.8,11,8.8,1,1
29.2,374.2,11.2,8.7,1,1
30,408.9,11,8.8,1,1
29.8,245.5,11,8.9,1,1
29,376.7,10.9,8.7,1,1
29.2,403.8,11,8.8,1,1
29.6,370.3,10.9,8.7,1,1
29.2,394.2,10.9,8.7,1,1
29.4,249.3,10.8,8.7,1,1
29.9,442.3,10.9,8.8,1,1
29.7,258.2,10.9,8.7,1,1
29.2,574.2,10.9,8.8,1,1
30.3,293,10.9,8.8,1,1
29,364,10.9,8.7,1,1
29.8,417.5,10.9,8.8,1,1
29.2,258.6,10.9,8.8,1,1
28.7,395.5,10.9,8.8,1,1
29.7,306.6,11,8.7,1,1
29.1,400.9,10.9,8.8,1,1
30.1,312.1,10.8,8.7,1,1
29.6,351.6,11,8.8,1,1
29.1,412.4,10.8,8.7,1,1
29.5,485.6,11,8.8,1,1
29.8,383.7,10.9,8.7,1,1
29.4,290.4,11,8.8,1,1
29.5,366.8,10.9,8.7,1,1
29.1,281.2,10.9,8.8,1,1
29.3,407,10.9,8.8,1,1
30,419.4,10.9,8.9,1,1
29.7,413.3,10.9,8.9,1,1
29.4,459.5,10.9,8.9,1,1
29.1,300.9,10.9,9,1,1
30.1,471,10.9,9,1,1
30.7,275.4,11,8.9,1,1
29,319.7,10.9,8.9,1,1
29.2,332.1,10.9,8.8,1,1
29.8,241,10.9,8.8,1,1
29.4,444.2,11,8.7,1,1
29.9,253.1,11,8.8,1,1
29,420,10.9,8.7,1,1
30.4,361.1,11.1,8.8,1,1
29.7,373.8,10.9,8.8,1,1
29,347.7,10.9,8.9,1,1
29.5,394.5,10.9,8.8,1,1
29.7,439.5,10.9,8.9,1,1
29.4,463.3,10.8,9,1,1
29.2,406,10.8,8.9,1,1
30.3,259.2,10.8,8.9,1,1
29.7,412.1,10.9,8.8,1,1
29.3,327.3,10.8,8.9,1,1
29.5,435.6,10.9,8.8,1,1
29.8,473.2,10.8,8.7,1,1
30,329.3,10.9,8.7,1,1
29.1,381.5,10.8,8.7,1,1
29.8,221.6,10.9,8.8,1,1
29.8,558.2,10.9,8.7,1,1
29.5,305.7,10.9,8.7,1,1
28.7,341,10.8,8.9,1,1
29.1,324.8,10.8,8.9,1,1
29.4,290.4,10.9,8.9,1,1
29.8,426.1,10.8,9,1,1
29.7,269.1,10.8,8.9,1,1
29.1,408.9,10.8,9,1,1
29.4,319.4,11,8.8,1,1
29.7,379.9,10.9,8.8,1,1
29.2,352.8,10.8,8.9,1,1
29.6,396.8,10.8,8.8,1,1
29.7,600.9,10.9,9,1,1
29.1,400,10.9,8.7,1,1
29.3,438.2,10.8,8.7,1,1
29.2,255.1,10.8,8.7,1,1